00000000	5061,33178,5057,5085,5062,5059
00000001	5061,33178,5057,5085,5062,5059
00000002	5061,33178,5057,5085,5062,5059
00000003	5061,33178,5057,5085,5062,5059
00000004	5061,33178,5057,5085,5062,5059
00000005	5061,33178,5057,5085,5062,5059
00000008	5061,33178,5057,5085,5062,5059
00000009	5061,33178,5057,5085,5062,5059
00000020	5061,33178,5057,5085,5062,5059
00000022	5061,33178,5057,5085,5062,5059
00000028	5061,33178,5057,5085,5062,5059
00000038	5061,33178,5057,5085,5062,5059
0000003U	5061,33178,5057,5085,5062,5059
00000080	5061,33178,5057,5085,5062,5059
00000082	5061,33178,5057,5085,5062,5059
00000088	5061,33178,5057,5085,5062,5059
00000200	5061,33178,5057,5085,5062,5059
00000202	5061,33178,5057,5085,5062,5059
0000028E	5061,33178,5057,5085,5062,5059
00000800	5061,33178,5057,5085,5062,5059
00000802	5061,33178,5057,5085,5062,5059
00000808	5061,33178,5057,5085,5062,5059
00000820	5061,33178,5057,5085,5062,5059
00000888	5061,33178,5057,5085,5062,5059
00000B82	5061,33178,5057,5085,5062,5059
00000E8E	5061,33178,5057,5085,5062,5059
00002000	5061,33178,5057,5085,5062,5059
00002020	5061,33178,5057,5085,5062,5059
000020B8	5061,33178,5057,5085,5062,5059
000028E8	5061,33178,5057,5085,5062,5059
00008080	5061,33178,5057,5085,5062,5059
00008E8E	5061,33178,5057,5085,5062,5059
0000B820	5061,33178,5057,5085,5062,5059
0000E8E8	5061,33178,5057,5085,5062,5059
00020202	5061,33178,5057,5085,5062,5059
00020B82	5061,33178,5057,5085,5062,5059
00028E8E	5061,33178,5057,5085,5062,5059
00030e0U	5061,33178,5057,5085,5062,5059
00080808	5061,33178,5057,5085,5062,5059
00080B20	5061,33178,5057,5085,5062,5059
000820B8	5061,33178,5057,5085,5062,5059
0008E8E8	5061,33178,5057,5085,5062,5059
000B2080	5061,33178,5057,5085,5062,5059
000B820B	5061,33178,5057,5085,5062,5059
000BBBBB	5061,33178,5057,5085,5062,5059
000e0000	5061,33178,5057,5085,5062,5059
000e0U30	5061,33178,5057,5085,5062,5059
000U0000	5061,33178,5057,5085,5062,5059
000U30e0	5061,33178,5057,5085,5062,5059
00200000	5061,33178,5057,5085,5062,5059
002080B2	5061,33178,5057,5085,5062,5059
0020B820	5061,33178,5057,5085,5062,5059
00303030	5061,33178,5057,5085,5062,5059
00800000	5061,33178,5057,5085,5062,5059
00808000	5061,33178,5057,5085,5062,5059
0080B200	5061,33178,5057,5085,5062,5059
0080B208	5061,33178,5057,5085,5062,5059
00820B82	5061,33178,5057,5085,5062,5059
00B00000	5061,33178,5057,5085,5062,5059
00B820B8	5061,33178,5057,5085,5062,5059
00e0e0e0	5061,33178,5057,5085,5062,5059
00U30e0U	5061,33178,5057,5085,5062,5059
00Ue30Ue	5061,33178,5057,5085,5062,5059
01000000	5061,33178,5057,5085,5062,5059
02000000	5061,33178,5057,5085,5062,5059
02020202	5061,33178,5057,5085,5062,5059
02080B20	5061,33178,5057,5085,5062,5059
020B820B	5061,33178,5057,5085,5062,5059
02222222	5061,33178,5057,5085,5062,5059
03030300	5061,33178,5057,5085,5062,5059
030e0U30	5061,33178,5057,5085,5062,5059
030Ue30U	5061,33178,5057,5085,5062,5059
08000000	5061,33178,5057,5085,5062,5059
08080808	5061,33178,5057,5085,5062,5059
080B0000	5061,33178,5057,5085,5062,5059
080B2080	5061,33178,5057,5085,5062,5059
08888888	5061,33178,5057,5085,5062,5059
0e0e0e00	5061,33178,5057,5085,5062,5059
0e0U30e0	5061,33178,5057,5085,5062,5059
0j000000	5061,33178,5057,5085,5062,5059
0U30e0U3	5061,33178,5057,5085,5062,5059
10000000	5061,33178,5057,5085,5062,5059
11111111	5061,33178,5057,5085,5062,5059
19999999	5061,33178,5057,5085,5062,5059
1bKZvpx9	5061,33178,5057,5085,5062,5059
1fKQ-k4H	5061,33178,5057,5085,5062,5059
1j000000	5061,33178,5057,5085,5062,5059
20000000	5061,33178,5057,5085,5062,5059
200B2080	5061,33178,5057,5085,5062,5059
20202020	5061,33178,5057,5085,5062,5059
20222222	5061,33178,5057,5085,5062,5059
2080B200	5061,33178,5057,5085,5062,5059
2080B208	5061,33178,5057,5085,5062,5059
22222220	5061,33178,5057,5085,5062,5059
22222222	5061,33178,5057,5085,5062,5059
28E8E8E8	5061,33178,5057,5085,5062,5059
2eFkeu=x	5061,33178,5057,5085,5062,5059
2mm]-dO8	5061,33178,5057,5085,5062,5059
2rBYVkW5	5061,33178,5057,5085,5062,5059
2U000000	5061,33178,5057,5085,5062,5059
2VM=JDN2	5061,33178,5057,5085,5062,5059
33333333	5061,33178,5057,5085,5062,5059
3-578nhh	5061,33178,5057,5085,5062,5059
40000000	5061,33178,5057,5085,5062,5059
44444444	5061,33178,5057,5085,5062,5059
4HHHHHHH	5061,33178,5057,5085,5062,5059
4HKuO/io	5061,33178,5057,5085,5062,5059
4HnJ2J3y	5061,33178,5057,5085,5062,5059
4k4k4k4j	5061,33178,5057,5085,5062,5059
4k4k4k4k	5061,33178,5057,5085,5062,5059
4k4k4k4l	5061,33178,5057,5085,5062,5059
4llxNSr>	5061,33178,5057,5085,5062,5059
4NzoQsYI	5061,33178,5057,5085,5062,5059
4Vem4Vem	5061,33178,5057,5085,5062,5059
4XeXeXeX	5061,33178,5057,5085,5062,5059
4/y-x4ll	5061,33178,5057,5085,5062,5059
50000000	5061,33178,5057,5085,5062,5059
52eFkeu=	5061,33178,5057,5085,5062,5059
59BMB-LP	5061,33178,5057,5085,5062,5059
661<IhRW	5061,33178,5057,5085,5062,5059
6Ell4HnJ	5061,33178,5057,5085,5062,5059
6KEu6L9q	5061,33178,5057,5085,5062,5059
6L9qS>k5	5061,33178,5057,5085,5062,5059
77777777	5061,33178,5057,5085,5062,5059
7VzS]RKJ	5061,33178,5057,5085,5062,5059
80000000	5061,33178,5057,5085,5062,5059
80808080	5061,33178,5057,5085,5062,5059
80888888	5061,33178,5057,5085,5062,5059
80B20800	5061,33178,5057,5085,5062,5059
88088888	5061,33178,5057,5085,5062,5059
88888880	5061,33178,5057,5085,5062,5059
88888888	5061,33178,5057,5085,5062,5059
8E8E8E88	5061,33178,5057,5085,5062,5059
8lklrbrf	5061,33178,5057,5085,5062,5059
8n8Wf4VO	5061,33178,5057,5085,5062,5059
8Wf4VOD/	5061,33178,5057,5085,5062,5059
8XeXeXeX	5061,33178,5057,5085,5062,5059
90000000	5061,33178,5057,5085,5062,5059
959BMB-L	5061,33178,5057,5085,5062,5059
98lklrbr	5061,33178,5057,5085,5062,5059
998lklrb	5061,33178,5057,5085,5062,5059
99991111	5061,33178,5057,5085,5062,5059
99999991	5061,33178,5057,5085,5062,5059
99999999	5061,33178,5057,5085,5062,5059
99/N>FZp	5061,33178,5057,5085,5062,5059
9E3m578n	5061,33178,5057,5085,5062,5059
9fiOwRPB	5061,33178,5057,5085,5062,5059
9h:KlN29	5061,33178,5057,5085,5062,5059
9hZ].rZb	5061,33178,5057,5085,5062,5059
9/N>FZpm	5061,33178,5057,5085,5062,5059
9v7UI4su	5061,33178,5057,5085,5062,5059
B2080000	5061,33178,5057,5085,5062,5059
B3333333	5061,33178,5057,5085,5062,5059
b8YmoY55	5061,33178,5057,5085,5062,5059
BB0BBBBB	5061,33178,5057,5085,5062,5059
BHY<QW]W	5061,33178,5057,5085,5062,5059
bKZvpx9v	5061,33178,5057,5085,5062,5059
boR>FYuh	5061,33178,5057,5085,5062,5059
B>VkW53F	5061,33178,5057,5085,5062,5059
d6KEu6L9	5061,33178,5057,5085,5062,5059
D959BMB-	5061,33178,5057,5085,5062,5059
DBzMmOPN	5061,33178,5057,5085,5062,5059
dd]RODkl	5061,33178,5057,5085,5062,5059
DjF8Ym6R	5061,33178,5057,5085,5062,5059
DLHHD959	5061,33178,5057,5085,5062,5059
d]RODklr	5061,33178,5057,5085,5062,5059
E8E8E828	5061,33178,5057,5085,5062,5059
E8E8E8E0	5061,33178,5057,5085,5062,5059
E8E8E8E2	5061,33178,5057,5085,5062,5059
E8E8E8E9	5061,33178,5057,5085,5062,5059
EEEBBBBB	5061,33178,5057,5085,5062,5059
eFkeu=xQ	5061,33178,5057,5085,5062,5059
EIvSr>6F	5061,33178,5057,5085,5062,5059
Ell4HnJ2	5061,33178,5057,5085,5062,5059
Eu6L9qS>	5061,33178,5057,5085,5062,5059
eXeXeXe0	5061,33178,5057,5085,5062,5059
eXeXeXeU	5061,33178,5057,5085,5062,5059
F8Ym6R7v	5061,33178,5057,5085,5062,5059
FeXeXeXe	5061,33178,5057,5085,5062,5059
+ffvB/16	5061,33178,5057,5085,5062,5059
ffvB/16M	5061,33178,5057,5085,5062,5059
fiOwRPB>	5061,33178,5057,5085,5062,5059
+FjBMOnn	5061,33178,5057,5085,5062,5059
FJN3r5p9	5061,33178,5057,5085,5062,5059
fKQ-k4HK	5061,33178,5057,5085,5062,5059
fvB/16Mx	5061,33178,5057,5085,5062,5059
F/yRQ5kn	5061,33178,5057,5085,5062,5059
F]Zym+4J	5061,33178,5057,5085,5062,5059
HD959BMB	5061,33178,5057,5085,5062,5059
HHD959BM	5061,33178,5057,5085,5062,5059
HHHH4444	5061,33178,5057,5085,5062,5059
HHHHHHH4	5061,33178,5057,5085,5062,5059
HKuO/ios	5061,33178,5057,5085,5062,5059
Hm654N[L	5061,33178,5057,5085,5062,5059
HnJ2J3yE	5061,33178,5057,5085,5062,5059
H[qO>FnN	5061,33178,5057,5085,5062,5059
huLfBorK	5061,33178,5057,5085,5062,5059
H[WxbL8J	5061,33178,5057,5085,5062,5059
HY<QW]W3	5061,33178,5057,5085,5062,5059
HYZR3r4u	5061,33178,5057,5085,5062,5059
+iHlsML4	5061,33178,5057,5085,5062,5059
iOo+iHls	5061,33178,5057,5085,5062,5059
is]]Yo5j	5061,33178,5057,5085,5062,5059
IvSr>6FF	5061,33178,5057,5085,5062,5059
Jf22JQkk	5061,33178,5057,5085,5062,5059
jF8Ym6R7	5061,33178,5057,5085,5062,5059
jjjjjjjl	5061,33178,5057,5085,5062,5059
JN3r5p9+	5061,33178,5057,5085,5062,5059
-k4HKuO/	5061,33178,5057,5085,5062,5059
k4HKuO/i	5061,33178,5057,5085,5062,5059
k4k4k4k4	5061,33178,5057,5085,5062,5059
k5w]/XRw	5061,33178,5057,5085,5062,5059
k99/N>FZ	5061,33178,5057,5085,5062,5059
KEu6L9qS	5061,33178,5057,5085,5062,5059
KJf22JQk	5061,33178,5057,5085,5062,5059
KKKKSSSS	5061,33178,5057,5085,5062,5059
KlpV:9k6	5061,33178,5057,5085,5062,5059
klrbrf]d	5061,33178,5057,5085,5062,5059
>KOOkno1	5061,33178,5057,5085,5062,5059
KOOkno1V	5061,33178,5057,5085,5062,5059
KQ-k4HKu	5061,33178,5057,5085,5062,5059
KuO/iosf	5061,33178,5057,5085,5062,5059
KUPuy9Lu	5061,33178,5057,5085,5062,5059
Kzoy9UmK	5061,33178,5057,5085,5062,5059
KZvpx9v7	5061,33178,5057,5085,5062,5059
l4HnJ2J3	5061,33178,5057,5085,5062,5059
lEf4Zx1k	5061,33178,5057,5085,5062,5059
LFkfqjnp	5061,33178,5057,5085,5062,5059
LHHD959B	5061,33178,5057,5085,5062,5059
lklrbrf]	5061,33178,5057,5085,5062,5059
L>KOOkno	5061,33178,5057,5085,5062,5059
ll4HnJ2J	5061,33178,5057,5085,5062,5059
lllljjjj	5061,33178,5057,5085,5062,5059
llxNSr>o	5061,33178,5057,5085,5062,5059
lM>pZKlp	5061,33178,5057,5085,5062,5059
lpV:9k6p	5061,33178,5057,5085,5062,5059
lxNSr>oH	5061,33178,5057,5085,5062,5059
m4Vem4Ve	5061,33178,5057,5085,5062,5059
m7VzS]RK	5061,33178,5057,5085,5062,5059
meXeXeXe	5061,33178,5057,5085,5062,5059
M+FjBMOn	5061,33178,5057,5085,5062,5059
M=JDN2o[	5061,33178,5057,5085,5062,5059
mm]-dO8i	5061,33178,5057,5085,5062,5059
mmp=fBkN	5061,33178,5057,5085,5062,5059
mp=fBkNq	5061,33178,5057,5085,5062,5059
M>pZKlpV	5061,33178,5057,5085,5062,5059
MR]z2VM=	5061,33178,5057,5085,5062,5059
ms[xYk99	5061,33178,5057,5085,5062,5059
n8Wf4VOD	5061,33178,5057,5085,5062,5059
+NB/1oEy	5061,33178,5057,5085,5062,5059
Nis]]Yo5	5061,33178,5057,5085,5062,5059
nkqhQP[K	5061,33178,5057,5085,5062,5059
N]R559BZ	5061,33178,5057,5085,5062,5059
NzoQsYIP	5061,33178,5057,5085,5062,5059
o]fB5b4+	5061,33178,5057,5085,5062,5059
o+iHlsML	5061,33178,5057,5085,5062,5059
<OM+FjBM	5061,33178,5057,5085,5062,5059
OM+FjBMO	5061,33178,5057,5085,5062,5059
<ON=nnJ3	5061,33178,5057,5085,5062,5059
ON=nnJ3o	5061,33178,5057,5085,5062,5059
Oo+iHlsM	5061,33178,5057,5085,5062,5059
OOkno1VU	5061,33178,5057,5085,5062,5059
oQsYIPz2	5061,33178,5057,5085,5062,5059
oR>FYuhh	5061,33178,5057,5085,5062,5059
phuLfBor	5061,33178,5057,5085,5062,5059
Pm654N[L	5061,33178,5057,5085,5062,5059
Pm65eN[L	5061,33178,5057,5085,5062,5059
PSN]R559	5061,33178,5057,5085,5062,5059
Puy9LuBI	5061,33178,5057,5085,5062,5059
px9v7UI4	5061,33178,5057,5085,5062,5059
pZKlpV:9	5061,33178,5057,5085,5062,5059
qH<k9JJB	5061,33178,5057,5085,5062,5059
Q-k4HKuO	5061,33178,5057,5085,5062,5059
qL/0nLmK	5061,33178,5057,5085,5062,5059
<QqH<k9J	5061,33178,5057,5085,5062,5059
QqH<k9JJ	5061,33178,5057,5085,5062,5059
qqqqqqqn	5061,33178,5057,5085,5062,5059
QsYIPz2n	5061,33178,5057,5085,5062,5059
R6Ell4Hn	5061,33178,5057,5085,5062,5059
]RKJf22J	5061,33178,5057,5085,5062,5059
RKJf22JQ	5061,33178,5057,5085,5062,5059
RKUPuy9L	5061,33178,5057,5085,5062,5059
r+NB/1oE	5061,33178,5057,5085,5062,5059
]RODklrf	5061,33178,5057,5085,5062,5059
RQ5kn771	5061,33178,5057,5085,5062,5059
rr7]n][b	5061,33178,5057,5085,5062,5059
R]z2VM=J	5061,33178,5057,5085,5062,5059
Sdd]RODk	5061,33178,5057,5085,5062,5059
SN]R559B	5061,33178,5057,5085,5062,5059
S]RKJf22	5061,33178,5057,5085,5062,5059
SSSSSSSQ	5061,33178,5057,5085,5062,5059
s[xYk99/	5061,33178,5057,5085,5062,5059
sYIPz2nk	5061,33178,5057,5085,5062,5059
s]]Yo5jw	5061,33178,5057,5085,5062,5059
s-ZqEw4+	5061,33178,5057,5085,5062,5059
U30e0U30	5061,33178,5057,5085,5062,5059
u6L9qS>k	5061,33178,5057,5085,5062,5059
=u998lkl	5061,33178,5057,5085,5062,5059
u998lklr	5061,33178,5057,5085,5062,5059
uO/iosfL	5061,33178,5057,5085,5062,5059
UPuy9LuB	5061,33178,5057,5085,5062,5059
uvRKUPuy	5061,33178,5057,5085,5062,5059
uy9LuBIy	5061,33178,5057,5085,5062,5059
V4k4k4k4	5061,33178,5057,5085,5062,5059
Vem4Vem4	5061,33178,5057,5085,5062,5059
>vLWin]o	5061,33178,5057,5085,5062,5059
VM=JDN2o	5061,33178,5057,5085,5062,5059
vpx9v7UI	5061,33178,5057,5085,5062,5059
vRKUPuy9	5061,33178,5057,5085,5062,5059
vSr>6FFH	5061,33178,5057,5085,5062,5059
VVVVVVVZ	5061,33178,5057,5085,5062,5059
VzS]RKJf	5061,33178,5057,5085,5062,5059
Wf4VOD//	5061,33178,5057,5085,5062,5059
wHY<QW]W	5061,33178,5057,5085,5062,5059
Wmm]-dO8	5061,33178,5057,5085,5062,5059
WmQyS/fl	5061,33178,5057,5085,5062,5059
W<ON=nnJ	5061,33178,5057,5085,5062,5059
WW<ON=nn	5061,33178,5057,5085,5062,5059
-x4llxNS	5061,33178,5057,5085,5062,5059
x4llxNSr	5061,33178,5057,5085,5062,5059
x9v7UI4s	5061,33178,5057,5085,5062,5059
XeXeXeXf	5061,33178,5057,5085,5062,5059
XeXeXeXi	5061,33178,5057,5085,5062,5059
xNSr>oH/	5061,33178,5057,5085,5062,5059
x>o=K1hy	5061,33178,5057,5085,5062,5059
yFr1lDhw	5061,33178,5057,5085,5062,5059
YIPz2nkI	5061,33178,5057,5085,5062,5059
Yk99/N>F	5061,33178,5057,5085,5062,5059
ym+4Juu1	5061,33178,5057,5085,5062,5059
]]Yo5jww	5061,33178,5057,5085,5062,5059
/yRQ5kn7	5061,33178,5057,5085,5062,5059
yRQ5kn77	5061,33178,5057,5085,5062,5059
]yrY8buZ	5061,33178,5057,5085,5062,5059
yrY8buZ5	5061,33178,5057,5085,5062,5059
YV:q[<OM	5061,33178,5057,5085,5062,5059
/y-x4llx	5061,33178,5057,5085,5062,5059
y-x4llxN	5061,33178,5057,5085,5062,5059
YZR3r4uI	5061,33178,5057,5085,5062,5059
]z2VM=JD	5061,33178,5057,5085,5062,5059
z2VM=JDN	5061,33178,5057,5085,5062,5059
ZFJN3r5p	5061,33178,5057,5085,5062,5059
ZKlpV:9k	5061,33178,5057,5085,5062,5059
zm7VzS]R	5061,33178,5057,5085,5062,5059
zoQsYIPz	5061,33178,5057,5085,5062,5059
ZRF8>mMo	5061,33178,5057,5085,5062,5059
zS]RKJf2	5061,33178,5057,5085,5062,5059
Zvpx9v7U	5061,33178,5057,5085,5062,5059
]Zym+4Ju	5061,33178,5057,5085,5062,5059
Zym+4Juu	5061,33178,5057,5085,5062,5059
z-.zm7Vz	5061,33178,5057,5085,5062,5059
zz-.zm7V	5061,33178,5057,5085,5062,5059
