00000000	5476,5482,42374,5480,45561
00000001	5476,5482,42374,5480,45561
00000002	5476,5482,42374,5480,45561
00000003	5476,5482,42374,5480,45561
00000008	5476,5482,42374,5480,45561
00000020	5476,5482,42374,5480,45561
00000030	5476,5482,42374,5480,45561
0000003j	5476,5482,42374,5480,45561
00000080	5476,5482,42374,5480,45561
00000200	5476,5482,42374,5480,45561
00000203	5476,5482,42374,5480,45561
00000808	5476,5482,42374,5480,45561
0000080B	5476,5482,42374,5480,45561
0000080i	5476,5482,42374,5480,45561
00000B20	5476,5482,42374,5480,45561
00002020	5476,5482,42374,5480,45561
00002080	5476,5482,42374,5480,45561
00008000	5476,5482,42374,5480,45561
0000B000	5476,5482,42374,5480,45561
0000B800	5476,5482,42374,5480,45561
00020000	5476,5482,42374,5480,45561
00082000	5476,5482,42374,5480,45561
000e0300	5476,5482,42374,5480,45561
00200000	5476,5482,42374,5480,45561
00808080	5476,5482,42374,5480,45561
00B0B0B0	5476,5482,42374,5480,45561
00U0U0U0	5476,5482,42374,5480,45561
02020200	5476,5482,42374,5480,45561
02020202	5476,5482,42374,5480,45561
02222222	5476,5482,42374,5480,45561
03030303	5476,5482,42374,5480,45561
04000000	5476,5482,42374,5480,45561
04444444	5476,5482,42374,5480,45561
08080808	5476,5482,42374,5480,45561
08888888	5476,5482,42374,5480,45561
0B800000	5476,5482,42374,5480,45561
0e0U30e0	5476,5482,42374,5480,45561
0E8E8E8E	5476,5482,42374,5480,45561
0j410j41	5476,5482,42374,5480,45561
0jjjjjjj	5476,5482,42374,5480,45561
0U0U0U0U	5476,5482,42374,5480,45561
0U30e0U0	5476,5482,42374,5480,45561
0U30e0U3	5476,5482,42374,5480,45561
0Ue30Ue3	5476,5482,42374,5480,45561
0UUUUUUU	5476,5482,42374,5480,45561
0V0V0V0V	5476,5482,42374,5480,45561
0XeXeXeX	5476,5482,42374,5480,45561
10000000	5476,5482,42374,5480,45561
10j410j4	5476,5482,42374,5480,45561
11111110	5476,5482,42374,5480,45561
11111111	5476,5482,42374,5480,45561
11111112	5476,5482,42374,5480,45561
11111113	5476,5482,42374,5480,45561
11111119	5476,5482,42374,5480,45561
1111111e	5476,5482,42374,5480,45561
1111111k	5476,5482,42374,5480,45561
11111191	5476,5482,42374,5480,45561
11111199	5476,5482,42374,5480,45561
1111119k	5476,5482,42374,5480,45561
11111333	5476,5482,42374,5480,45561
11111911	5476,5482,42374,5480,45561
11111919	5476,5482,42374,5480,45561
11111991	5476,5482,42374,5480,45561
11111999	5476,5482,42374,5480,45561
11119111	5476,5482,42374,5480,45561
11119191	5476,5482,42374,5480,45561
11119911	5476,5482,42374,5480,45561
11119991	5476,5482,42374,5480,45561
11119999	5476,5482,42374,5480,45561
11133333	5476,5482,42374,5480,45561
11191111	5476,5482,42374,5480,45561
11191119	5476,5482,42374,5480,45561
11191191	5476,5482,42374,5480,45561
11191919	5476,5482,42374,5480,45561
11199111	5476,5482,42374,5480,45561
11199911	5476,5482,42374,5480,45561
11199991	5476,5482,42374,5480,45561
11199999	5476,5482,42374,5480,45561
11333333	5476,5482,42374,5480,45561
11911111	5476,5482,42374,5480,45561
11911191	5476,5482,42374,5480,45561
11911911	5476,5482,42374,5480,45561
11919111	5476,5482,42374,5480,45561
11919191	5476,5482,42374,5480,45561
11991111	5476,5482,42374,5480,45561
11999111	5476,5482,42374,5480,45561
11999991	5476,5482,42374,5480,45561
13333333	5476,5482,42374,5480,45561
16m1Qod/	5476,5482,42374,5480,45561
19111111	5476,5482,42374,5480,45561
19111919	5476,5482,42374,5480,45561
19119111	5476,5482,42374,5480,45561
19119119	5476,5482,42374,5480,45561
19191111	5476,5482,42374,5480,45561
19191911	5476,5482,42374,5480,45561
19191919	5476,5482,42374,5480,45561
19191991	5476,5482,42374,5480,45561
19199111	5476,5482,42374,5480,45561
19911111	5476,5482,42374,5480,45561
19991111	5476,5482,42374,5480,45561
19999999	5476,5482,42374,5480,45561
1eXeXeXe	5476,5482,42374,5480,45561
1I-2YBZh	5476,5482,42374,5480,45561
1Jwn76nk	5476,5482,42374,5480,45561
1R9]SW5Q	5476,5482,42374,5480,45561
1Uw71Uw7	5476,5482,42374,5480,45561
1vY>8U<S	5476,5482,42374,5480,45561
20202020	5476,5482,42374,5480,45561
20BBBBBB	5476,5482,42374,5480,45561
21111111	5476,5482,42374,5480,45561
22222202	5476,5482,42374,5480,45561
22222220	5476,5482,42374,5480,45561
22222222	5476,5482,42374,5480,45561
22222223	5476,5482,42374,5480,45561
222222hh	5476,5482,42374,5480,45561
22222hhh	5476,5482,42374,5480,45561
2222hhhh	5476,5482,42374,5480,45561
222hhhhh	5476,5482,42374,5480,45561
28E8E8E8	5476,5482,42374,5480,45561
2eXeXeXe	5476,5482,42374,5480,45561
2f9d/fyw	5476,5482,42374,5480,45561
2h222222	5476,5482,42374,5480,45561
2j2j2j2j	5476,5482,42374,5480,45561
2l3/P9SL	5476,5482,42374,5480,45561
[2lWd9zS	5476,5482,42374,5480,45561
2lWd9zSS	5476,5482,42374,5480,45561
2mhnUn78	5476,5482,42374,5480,45561
2v]iSknw	5476,5482,42374,5480,45561
-2YBZhwB	5476,5482,42374,5480,45561
30303030	5476,5482,42374,5480,45561
30e0U300	5476,5482,42374,5480,45561
30e0U30e	5476,5482,42374,5480,45561
31333333	5476,5482,42374,5480,45561
33313333	5476,5482,42374,5480,45561
33333330	5476,5482,42374,5480,45561
33333331	5476,5482,42374,5480,45561
33333332	5476,5482,42374,5480,45561
33333333	5476,5482,42374,5480,45561
34343434	5476,5482,42374,5480,45561
3=7WVEb1	5476,5482,42374,5480,45561
3bBvEyO:	5476,5482,42374,5480,45561
3d3=7WVE	5476,5482,42374,5480,45561
3eXeXeXe	5476,5482,42374,5480,45561
3jjjjjjj	5476,5482,42374,5480,45561
3/P9SL<>	5476,5482,42374,5480,45561
3XXXXXXX	5476,5482,42374,5480,45561
410j410j	5476,5482,42374,5480,45561
44444442	5476,5482,42374,5480,45561
44444443	5476,5482,42374,5480,45561
44444444	5476,5482,42374,5480,45561
44444446	5476,5482,42374,5480,45561
44444447	5476,5482,42374,5480,45561
44444448	5476,5482,42374,5480,45561
4444444S	5476,5482,42374,5480,45561
44444454	5476,5482,42374,5480,45561
444444H4	5476,5482,42374,5480,45561
44444H44	5476,5482,42374,5480,45561
44444HH4	5476,5482,42374,5480,45561
44444HHH	5476,5482,42374,5480,45561
4444eeee	5476,5482,42374,5480,45561
4444H444	5476,5482,42374,5480,45561
4444HH44	5476,5482,42374,5480,45561
4444HHH4	5476,5482,42374,5480,45561
4444HHHH	5476,5482,42374,5480,45561
4444Y444	5476,5482,42374,5480,45561
4444YYYY	5476,5482,42374,5480,45561
444eeeee	5476,5482,42374,5480,45561
444H4444	5476,5482,42374,5480,45561
444H444H	5476,5482,42374,5480,45561
444HH444	5476,5482,42374,5480,45561
444HHH44	5476,5482,42374,5480,45561
444HHHH4	5476,5482,42374,5480,45561
444HHHHH	5476,5482,42374,5480,45561
44eeeeee	5476,5482,42374,5480,45561
44H44444	5476,5482,42374,5480,45561
44H444H4	5476,5482,42374,5480,45561
44H44H44	5476,5482,42374,5480,45561
44H4H444	5476,5482,42374,5480,45561
44HH4444	5476,5482,42374,5480,45561
44HHH444	5476,5482,42374,5480,45561
44HHHHH4	5476,5482,42374,5480,45561
4H444444	5476,5482,42374,5480,45561
4H444H4H	5476,5482,42374,5480,45561
4H444HHH	5476,5482,42374,5480,45561
4H4H4444	5476,5482,42374,5480,45561
4H4H4H44	5476,5482,42374,5480,45561
4H4HH444	5476,5482,42374,5480,45561
4HH44444	5476,5482,42374,5480,45561
4HHH4444	5476,5482,42374,5480,45561
4HHHH444	5476,5482,42374,5480,45561
4k4k4k4k	5476,5482,42374,5480,45561
4k4meXeX	5476,5482,42374,5480,45561
4OW.Vq7F	5476,5482,42374,5480,45561
+:4se6Zn	5476,5482,42374,5480,45561
:4se6ZnS	5476,5482,42374,5480,45561
4se6ZnSr	5476,5482,42374,5480,45561
4Vem4Vem	5476,5482,42374,5480,45561
4XeXeXeX	5476,5482,42374,5480,45561
4Y0Pnno0	5476,5482,42374,5480,45561
4Y444444	5476,5482,42374,5480,45561
51111111	5476,5482,42374,5480,45561
54444444	5476,5482,42374,5480,45561
56qUn7Nn	5476,5482,42374,5480,45561
57575757	5476,5482,42374,5480,45561
5BHB>O2v	5476,5482,42374,5480,45561
5kUWL6=K	5476,5482,42374,5480,45561
5QR8lSd.	5476,5482,42374,5480,45561
5SmYF3].	5476,5482,42374,5480,45561
62222222	5476,5482,42374,5480,45561
666hhhhh	5476,5482,42374,5480,45561
68L5SmYF	5476,5482,42374,5480,45561
6hhhh6hh	5476,5482,42374,5480,45561
6=KN.8p/	5476,5482,42374,5480,45561
6m1Qod/f	5476,5482,42374,5480,45561
6n8YHSrZ	5476,5482,42374,5480,45561
6qUn7Nnb	5476,5482,42374,5480,45561
6sVjwsk6	5476,5482,42374,5480,45561
6V>eLY.w	5476,5482,42374,5480,45561
71Uw71Uw	5476,5482,42374,5480,45561
73bBvEyO	5476,5482,42374,5480,45561
75757575	5476,5482,42374,5480,45561
77777774	5476,5482,42374,5480,45561
7NDShvS2	5476,5482,42374,5480,45561
=7WVEb1v	5476,5482,42374,5480,45561
7WVEb1vY	5476,5482,42374,5480,45561
80808080	5476,5482,42374,5480,45561
84444444	5476,5482,42374,5480,45561
88888808	5476,5482,42374,5480,45561
88888880	5476,5482,42374,5480,45561
88888882	5476,5482,42374,5480,45561
88888883	5476,5482,42374,5480,45561
88888884	5476,5482,42374,5480,45561
88888888	5476,5482,42374,5480,45561
8888888d	5476,5482,42374,5480,45561
8888888L	5476,5482,42374,5480,45561
888888L8	5476,5482,42374,5480,45561
88888LLL	5476,5482,42374,5480,45561
8E8R[R[R	5476,5482,42374,5480,45561
8iuUJ<F[	5476,5482,42374,5480,45561
8jjjjjjj	5476,5482,42374,5480,45561
8L5SmYF3	5476,5482,42374,5480,45561
8lSd.5wy	5476,5482,42374,5480,45561
8p/=Db:S	5476,5482,42374,5480,45561
>8U<S.JK	5476,5482,42374,5480,45561
8U<S.JKQ	5476,5482,42374,5480,45561
8YHSrZ+W	5476,5482,42374,5480,45561
91111111	5476,5482,42374,5480,45561
91119191	5476,5482,42374,5480,45561
91119999	5476,5482,42374,5480,45561
91191191	5476,5482,42374,5480,45561
91911111	5476,5482,42374,5480,45561
91991111	5476,5482,42374,5480,45561
956qUn7N	5476,5482,42374,5480,45561
98iuUJ<F	5476,5482,42374,5480,45561
99111111	5476,5482,42374,5480,45561
99911111	5476,5482,42374,5480,45561
99991111	5476,5482,42374,5480,45561
99999111	5476,5482,42374,5480,45561
99999991	5476,5482,42374,5480,45561
99999999	5476,5482,42374,5480,45561
9bfByyf<	5476,5482,42374,5480,45561
9d8PI<<:	5476,5482,42374,5480,45561
9d/fywN5	5476,5482,42374,5480,45561
:9e+m1jw	5476,5482,42374,5480,45561
9e+m1jwD	5476,5482,42374,5480,45561
9n0F>U->	5476,5482,42374,5480,45561
9SL<>5kU	5476,5482,42374,5480,45561
9]SW5QR8	5476,5482,42374,5480,45561
9zSS6f+=	5476,5482,42374,5480,45561
B0000003	5476,5482,42374,5480,45561
b1vY>8U<	5476,5482,42374,5480,45561
BBBBBBBF	5476,5482,42374,5480,45561
BBBBBBBP	5476,5482,42374,5480,45561
BBBBBBFF	5476,5482,42374,5480,45561
BBBBBBLB	5476,5482,42374,5480,45561
BBBBBFFF	5476,5482,42374,5480,45561
BBBBEEEE	5476,5482,42374,5480,45561
BBBBFFFF	5476,5482,42374,5480,45561
BBBFFFFF	5476,5482,42374,5480,45561
bBvEyO:D	5476,5482,42374,5480,45561
bfByyf<J	5476,5482,42374,5480,45561
BHB>O2v]	5476,5482,42374,5480,45561
B>O2v]iS	5476,5482,42374,5480,45561
Bp>ileiO	5476,5482,42374,5480,45561
BsK51VI4	5476,5482,42374,5480,45561
BsxUQ8fm	5476,5482,42374,5480,45561
BvEyO:Dv	5476,5482,42374,5480,45561
Bzd68L5S	5476,5482,42374,5480,45561
d2UPd2UP	5476,5482,42374,5480,45561
d3=7WVEb	5476,5482,42374,5480,45561
d.5wyh3S	5476,5482,42374,5480,45561
d68L5SmY	5476,5482,42374,5480,45561
d9zSS6f+	5476,5482,42374,5480,45561
d]:bvOK3	5476,5482,42374,5480,45561
DDDFFFFF	5476,5482,42374,5480,45561
DFBBBBBB	5476,5482,42374,5480,45561
d/fywN5i	5476,5482,42374,5480,45561
d]:]mhz1	5476,5482,42374,5480,45561
DPzmbfi-	5476,5482,42374,5480,45561
DShvS2mh	5476,5482,42374,5480,45561
e0U30e0U	5476,5482,42374,5480,45561
e3eXeXeX	5476,5482,42374,5480,45561
e4eeeeee	5476,5482,42374,5480,45561
E4OW.Vq7	5476,5482,42374,5480,45561
e+:4se6Z	5476,5482,42374,5480,45561
e6ZnSrZ]	5476,5482,42374,5480,45561
E8EdR[R[	5476,5482,42374,5480,45561
Eb1vY>8U	5476,5482,42374,5480,45561
EBp>ilei	5476,5482,42374,5480,45561
eee4eeee	5476,5482,42374,5480,45561
eeweeeee	5476,5482,42374,5480,45561
em4Vem4V	5476,5482,42374,5480,45561
em4XeXeX	5476,5482,42374,5480,45561
emeXeXeX	5476,5482,42374,5480,45561
eN1R9]SW	5476,5482,42374,5480,45561
ep2l3/P9	5476,5482,42374,5480,45561
ePiBzd68	5476,5482,42374,5480,45561
EWq[[VFy	5476,5482,42374,5480,45561
eXeXemeX	5476,5482,42374,5480,45561
eXeXeVeX	5476,5482,42374,5480,45561
eXeXeX0X	5476,5482,42374,5480,45561
eXeXeXe1	5476,5482,42374,5480,45561
eXeXeXe2	5476,5482,42374,5480,45561
eXeXeXem	5476,5482,42374,5480,45561
eXPXeXeX	5476,5482,42374,5480,45561
EyO:DvvE	5476,5482,42374,5480,45561
f0d555jf	5476,5482,42374,5480,45561
F3FFFFFF	5476,5482,42374,5480,45561
f9d/fywN	5476,5482,42374,5480,45561
FBFBFBFB	5476,5482,42374,5480,45561
fep2l3/P	5476,5482,42374,5480,45561
F-/h/Kzq	5476,5482,42374,5480,45561
Fll>FqKb	5476,5482,42374,5480,45561
>>FQM-ZX	5476,5482,42374,5480,45561
Fr7NDShv	5476,5482,42374,5480,45561
<F[Yo73b	5476,5482,42374,5480,45561
F[Yo73bB	5476,5482,42374,5480,45561
h2h2h2h2	5476,5482,42374,5480,45561
H44444H4	5476,5482,42374,5480,45561
H44444HH	5476,5482,42374,5480,45561
H4444HHH	5476,5482,42374,5480,45561
H444H4H4	5476,5482,42374,5480,45561
H444HHHH	5476,5482,42374,5480,45561
H44H44H4	5476,5482,42374,5480,45561
H4H44444	5476,5482,42374,5480,45561
H4H4H4H4	5476,5482,42374,5480,45561
H4HH4444	5476,5482,42374,5480,45561
h6hhhhhh	5476,5482,42374,5480,45561
HB>O2v]i	5476,5482,42374,5480,45561
HePiBzd6	5476,5482,42374,5480,45561
hh6hhhhh	5476,5482,42374,5480,45561
hhhhbbbb	5476,5482,42374,5480,45561
hhhhhheh	5476,5482,42374,5480,45561
hHXKUkHU	5476,5482,42374,5480,45561
hKBsxUQ8	5476,5482,42374,5480,45561
-/h/Kzqf	5476,5482,42374,5480,45561
/h/Kzqfe	5476,5482,42374,5480,45561
h/Kzqfep	5476,5482,42374,5480,45561
::Hnsz1j	5476,5482,42374,5480,45561
:Hnsz1jy	5476,5482,42374,5480,45561
Hnsz1jyM	5476,5482,42374,5480,45561
HPEWq[[V	5476,5482,42374,5480,45561
HSrZ+WLn	5476,5482,42374,5480,45561
HUvol>Fq	5476,5482,42374,5480,45561
hvS2mhnU	5476,5482,42374,5480,45561
HXIe51W5	5476,5482,42374,5480,45561
HXKUkHUv	5476,5482,42374,5480,45561
hz16m1Qo	5476,5482,42374,5480,45561
I2f9d/fy	5476,5482,42374,5480,45561
I-2YBZhw	5476,5482,42374,5480,45561
I:51]I2L	5476,5482,42374,5480,45561
i956qUn7	5476,5482,42374,5480,45561
iBzd68L5	5476,5482,42374,5480,45561
ifiiiiii	5476,5482,42374,5480,45561
iiiiiii3	5476,5482,42374,5480,45561
iiiiiiSS	5476,5482,42374,5480,45561
>ileiO.+	5476,5482,42374,5480,45561
ileiO.+M	5476,5482,42374,5480,45561
iP9d8PI<	5476,5482,42374,5480,45561
iSknweN1	5476,5482,42374,5480,45561
]iSknweN	5476,5482,42374,5480,45561
iSSSSSSK	5476,5482,42374,5480,45561
iuUJ<F[Y	5476,5482,42374,5480,45561
iXXXXXXX	5476,5482,42374,5480,45561
izr[ux>w	5476,5482,42374,5480,45561
j040100j	5476,5482,42374,5480,45561
j2j2j2j2	5476,5482,42374,5480,45561
j410j410	5476,5482,42374,5480,45561
jFll>FqK	5476,5482,42374,5480,45561
J<F[Yo73	5476,5482,42374,5480,45561
jjjjjjjj	5476,5482,42374,5480,45561
jjjjjjjm	5476,5482,42374,5480,45561
jjjjjjjn	5476,5482,42374,5480,45561
jjjjjjll	5476,5482,42374,5480,45561
jjjjjjln	5476,5482,42374,5480,45561
jjjjjllj	5476,5482,42374,5480,45561
jjjjlllj	5476,5482,42374,5480,45561
jjjjllll	5476,5482,42374,5480,45561
jjjjmjjj	5476,5482,42374,5480,45561
jjjjmmmm	5476,5482,42374,5480,45561
jjjjUUUU	5476,5482,42374,5480,45561
jjjljjlj	5476,5482,42374,5480,45561
jjjljljj	5476,5482,42374,5480,45561
jjjlljjj	5476,5482,42374,5480,45561
jjjllljj	5476,5482,42374,5480,45561
jjjllllj	5476,5482,42374,5480,45561
jjjUUUUU	5476,5482,42374,5480,45561
jjljjjlj	5476,5482,42374,5480,45561
jjljjlll	5476,5482,42374,5480,45561
jjljljjj	5476,5482,42374,5480,45561
jjlljjjj	5476,5482,42374,5480,45561
jjllljjj	5476,5482,42374,5480,45561
jjlllllj	5476,5482,42374,5480,45561
jljjjjjj	5476,5482,42374,5480,45561
jljjljjj	5476,5482,42374,5480,45561
jljljjjj	5476,5482,42374,5480,45561
jljljllj	5476,5482,42374,5480,45561
jljlljjj	5476,5482,42374,5480,45561
jlljjjjj	5476,5482,42374,5480,45561
jllljjjj	5476,5482,42374,5480,45561
jllllljj	5476,5482,42374,5480,45561
jlllllll	5476,5482,42374,5480,45561
jmjjjjjj	5476,5482,42374,5480,45561
]J[MPSO9	5476,5482,42374,5480,45561
J[MPSO9J	5476,5482,42374,5480,45561
J[UHXIe5	5476,5482,42374,5480,45561
jUUUUUUU	5476,5482,42374,5480,45561
jV34ejV3	5476,5482,42374,5480,45561
Jwn76nkI	5476,5482,42374,5480,45561
/jWU<1:P	5476,5482,42374,5480,45561
jWU<1:Pr	5476,5482,42374,5480,45561
jYf3jYf3	5476,5482,42374,5480,45561
jzzzzzzz	5476,5482,42374,5480,45561
k4k4k4k6	5476,5482,42374,5480,45561
k4k4XeXe	5476,5482,42374,5480,45561
k4meXeXe	5476,5482,42374,5480,45561
K51VI4sn	5476,5482,42374,5480,45561
KBsxUQ8f	5476,5482,42374,5480,45561
kHUvol>F	5476,5482,42374,5480,45561
kI:51]I2	5476,5482,42374,5480,45561
kkI:51]I	5476,5482,42374,5480,45561
KKKKKSSS	5476,5482,42374,5480,45561
KKKKSSSS	5476,5482,42374,5480,45561
KKKSSSSS	5476,5482,42374,5480,45561
KN.8p/=D	5476,5482,42374,5480,45561
knweN1R9	5476,5482,42374,5480,45561
KSKKSSSS	5476,5482,42374,5480,45561
KSKSSSSS	5476,5482,42374,5480,45561
KSSKSSKS	5476,5482,42374,5480,45561
KSSKSSSS	5476,5482,42374,5480,45561
KSSSSSSF	5476,5482,42374,5480,45561
KSSSSSSS	5476,5482,42374,5480,45561
KUkHUvol	5476,5482,42374,5480,45561
kUWL6=KN	5476,5482,42374,5480,45561
kVVVVVVV	5476,5482,42374,5480,45561
/Kzqfep2	5476,5482,42374,5480,45561
Kzqfep2l	5476,5482,42374,5480,45561
l3/P9SL<	5476,5482,42374,5480,45561
L<>5kUWL	5476,5482,42374,5480,45561
L5SmYF3]	5476,5482,42374,5480,45561
L6=KN.8p	5476,5482,42374,5480,45561
L8888888	5476,5482,42374,5480,45561
l>FqKbDm	5476,5482,42374,5480,45561
lFr7KFzM	5476,5482,42374,5480,45561
lFr7NDSh	5476,5482,42374,5480,45561
ljljjjjj	5476,5482,42374,5480,45561
ljljljll	5476,5482,42374,5480,45561
ll>FqKbD	5476,5482,42374,5480,45561
lljjljjj	5476,5482,42374,5480,45561
lllljjjj	5476,5482,42374,5480,45561
llllljjj	5476,5482,42374,5480,45561
lllllljl	5476,5482,42374,5480,45561
l<S2J]+U	5476,5482,42374,5480,45561
lSd.5wyh	5476,5482,42374,5480,45561
LvXJ[UHX	5476,5482,42374,5480,45561
lWd9zSS6	5476,5482,42374,5480,45561
m1Qod/fy	5476,5482,42374,5480,45561
m4Vem4Ve	5476,5482,42374,5480,45561
m5BHB>O2	5476,5482,42374,5480,45561
M=6qwdl3	5476,5482,42374,5480,45561
Me+:4se6	5476,5482,42374,5480,45561
meXeXeXi	5476,5482,42374,5480,45561
mhnUn78n	5476,5482,42374,5480,45561
]:]mhz16	5476,5482,42374,5480,45561
]mhz16m1	5476,5482,42374,5480,45561
mhz16m1Q	5476,5482,42374,5480,45561
:]mhz16m	5476,5482,42374,5480,45561
mj2Vkkn3	5476,5482,42374,5480,45561
mmmmmmmj	5476,5482,42374,5480,45561
mmmmmmml	5476,5482,42374,5480,45561
mmmmmzzz	5476,5482,42374,5480,45561
mmmmzzzz	5476,5482,42374,5480,45561
mmmzzzzz	5476,5482,42374,5480,45561
mmzzzzzz	5476,5482,42374,5480,45561
MnSOUMRR	5476,5482,42374,5480,45561
MR]vd]Ws	5476,5482,42374,5480,45561
M-ZXm5BH	5476,5482,42374,5480,45561
N1R9]SW5	5476,5482,42374,5480,45561
n444444H	5476,5482,42374,5480,45561
N6:+R:9e	5476,5482,42374,5480,45561
N.8p/=Db	5476,5482,42374,5480,45561
n8YHSrZ+	5476,5482,42374,5480,45561
NDShvS2m	5476,5482,42374,5480,45561
njjjjjjl	5476,5482,42374,5480,45561
nSOUMRRw	5476,5482,42374,5480,45561
nsz1jyMj	5476,5482,42374,5480,45561
NvRJW<PJ	5476,5482,42374,5480,45561
nweN1R9]	5476,5482,42374,5480,45561
>O2v]iSk	5476,5482,42374,5480,45561
O2v]iSkn	5476,5482,42374,5480,45561
o73bBvEy	5476,5482,42374,5480,45561
]od]:bvO	5476,5482,42374,5480,45561
od]:bvOK	5476,5482,42374,5480,45561
O:DvvE4O	5476,5482,42374,5480,45561
OFFFFFFF	5476,5482,42374,5480,45561
o<Il<S2J	5476,5482,42374,5480,45561
Oo<Il<S2	5476,5482,42374,5480,45561
OoWlFr7K	5476,5482,42374,5480,45561
OSSSSSSS	5476,5482,42374,5480,45561
oWlFr7KF	5476,5482,42374,5480,45561
OW.Vq7FB	5476,5482,42374,5480,45561
OXMe+:4s	5476,5482,42374,5480,45561
p2l3/P9S	5476,5482,42374,5480,45561
P9d8PI<<	5476,5482,42374,5480,45561
/P9SL<>5	5476,5482,42374,5480,45561
P9SL<>5k	5476,5482,42374,5480,45561
PEWq[[VF	5476,5482,42374,5480,45561
PiBzd68L	5476,5482,42374,5480,45561
p>ileiO.	5476,5482,42374,5480,45561
:PrEBp>i	5476,5482,42374,5480,45561
PrEBp>il	5476,5482,42374,5480,45561
P<UHPEWq	5476,5482,42374,5480,45561
Pzmbfi-e	5476,5482,42374,5480,45561
q9bfByyf	5476,5482,42374,5480,45561
QDPzmbfi	5476,5482,42374,5480,45561
qfep2l3/	5476,5482,42374,5480,45561
Qfffffff	5476,5482,42374,5480,45561
QM-ZXm5B	5476,5482,42374,5480,45561
q]od]:bv	5476,5482,42374,5480,45561
Qq9bfByy	5476,5482,42374,5480,45561
Qq]od]:b	5476,5482,42374,5480,45561
QR8lSd.5	5476,5482,42374,5480,45561
qUn7NnbD	5476,5482,42374,5480,45561
q[[VFyy8	5476,5482,42374,5480,45561
qwdl3n+W	5476,5482,42374,5480,45561
QW<ShHXK	5476,5482,42374,5480,45561
r7NDShvS	5476,5482,42374,5480,45561
r8888888	5476,5482,42374,5480,45561
R8lSd.5w	5476,5482,42374,5480,45561
r98iuUJ<	5476,5482,42374,5480,45561
+R:9e+m1	5476,5482,42374,5480,45561
R:9e+m1j	5476,5482,42374,5480,45561
:+R:9e+m	5476,5482,42374,5480,45561
R9]SW5QR	5476,5482,42374,5480,45561
rEBp>ile	5476,5482,42374,5480,45561
Rhhhhhhh	5476,5482,42374,5480,45561
<:r-KEi2	5476,5482,42374,5480,45561
r[ux>wYV	5476,5482,42374,5480,45561
R]vd]WsS	5476,5482,42374,5480,45561
S2mhnUn7	5476,5482,42374,5480,45561
s3d3=7WV	5476,5482,42374,5480,45561
Sd.5wyh3	5476,5482,42374,5480,45561
se6ZnSrZ	5476,5482,42374,5480,45561
SFSSSSSS	5476,5482,42374,5480,45561
<ShHXKUk	5476,5482,42374,5480,45561
ShHXKUkH	5476,5482,42374,5480,45561
ShvS2mhn	5476,5482,42374,5480,45561
sjFll>Fq	5476,5482,42374,5480,45561
sK51VI4s	5476,5482,42374,5480,45561
SKKKKKKK	5476,5482,42374,5480,45561
SKKKKSSS	5476,5482,42374,5480,45561
SKKSKKSK	5476,5482,42374,5480,45561
SKKSSSSS	5476,5482,42374,5480,45561
SknweN1R	5476,5482,42374,5480,45561
SKSKSKSK	5476,5482,42374,5480,45561
SKSKSSSS	5476,5482,42374,5480,45561
SKSSKSSK	5476,5482,42374,5480,45561
SKSSSSSS	5476,5482,42374,5480,45561
SL<>5kUW	5476,5482,42374,5480,45561
SmYF3].<	5476,5482,42374,5480,45561
SOUMRRwe	5476,5482,42374,5480,45561
SOXMe+:4	5476,5482,42374,5480,45561
SS6f+=FU	5476,5482,42374,5480,45561
SSFSFSFS	5476,5482,42374,5480,45561
SSKKKKSS	5476,5482,42374,5480,45561
SSKSKSKS	5476,5482,42374,5480,45561
SSKSSKSS	5476,5482,42374,5480,45561
SSKSSSSS	5476,5482,42374,5480,45561
SSSKKKKS	5476,5482,42374,5480,45561
SSSKKSSS	5476,5482,42374,5480,45561
SSSKSKSK	5476,5482,42374,5480,45561
SSSKSSKS	5476,5482,42374,5480,45561
SSSSKKKK	5476,5482,42374,5480,45561
SSSSKKKS	5476,5482,42374,5480,45561
SSSSKSKS	5476,5482,42374,5480,45561
SSSSKSSS	5476,5482,42374,5480,45561
SSSSRRRR	5476,5482,42374,5480,45561
SSSSSFSS	5476,5482,42374,5480,45561
SSSSSKKK	5476,5482,42374,5480,45561
SSSSSKKS	5476,5482,42374,5480,45561
SSSSSKSK	5476,5482,42374,5480,45561
SSSSSKSS	5476,5482,42374,5480,45561
SSSSSRRR	5476,5482,42374,5480,45561
SSSSSSFS	5476,5482,42374,5480,45561
SSSSSSKK	5476,5482,42374,5480,45561
SSSSSSKS	5476,5482,42374,5480,45561
SSSSSSSB	5476,5482,42374,5480,45561
SSSSSSSO	5476,5482,42374,5480,45561
SSSSSSSR	5476,5482,42374,5480,45561
SSSSSSSS	5476,5482,42374,5480,45561
sVjwsk6o	5476,5482,42374,5480,45561
]SW5QR8l	5476,5482,42374,5480,45561
SW5QR8lS	5476,5482,42374,5480,45561
SXeXeXeX	5476,5482,42374,5480,45561
sxUQ8fmK	5476,5482,42374,5480,45561
sz1jyMjN	5476,5482,42374,5480,45561
U0U0U0U0	5476,5482,42374,5480,45561
U<1:PrEB	5476,5482,42374,5480,45561
U30e0U30	5476,5482,42374,5480,45561
UeXeXeXe	5476,5482,42374,5480,45561
[UHXIe51	5476,5482,42374,5480,45561
UHXIe51W	5476,5482,42374,5480,45561
UJ<F[Yo7	5476,5482,42374,5480,45561
UkHUvol>	5476,5482,42374,5480,45561
U<S.JKQ=	5476,5482,42374,5480,45561
uUJ<F[Yo	5476,5482,42374,5480,45561
UUUjUUUU	5476,5482,42374,5480,45561
UUUUUUUX	5476,5482,42374,5480,45561
Uvol>FqN	5476,5482,42374,5480,45561
Uw71Uw71	5476,5482,42374,5480,45561
UWL6=KN.	5476,5482,42374,5480,45561
UXeXeXeX	5476,5482,42374,5480,45561
[ux>wYVr	5476,5482,42374,5480,45561
ux>wYVr9	5476,5482,42374,5480,45561
v7YWFm>X	5476,5482,42374,5480,45561
vE4OW.Vq	5476,5482,42374,5480,45561
VEb1vY>8	5476,5482,42374,5480,45561
V>eLY.wW	5476,5482,42374,5480,45561
Vem4Vem4	5476,5482,42374,5480,45561
VemeXeXe	5476,5482,42374,5480,45561
vEyO:Dvv	5476,5482,42374,5480,45561
[[VFyy8:	5476,5482,42374,5480,45561
v]iSknwe	5476,5482,42374,5480,45561
VkVkVkVk	5476,5482,42374,5480,45561
Vr98iuUJ	5476,5482,42374,5480,45561
vRJW<PJv	5476,5482,42374,5480,45561
vS2mhnUn	5476,5482,42374,5480,45561
vvE4OW.V	5476,5482,42374,5480,45561
vXJ[UHXI	5476,5482,42374,5480,45561
vY>8U<S.	5476,5482,42374,5480,45561
W2222222	5476,5482,42374,5480,45561
W5QR8lSd	5476,5482,42374,5480,45561
w71Uw71U	5476,5482,42374,5480,45561
Wd9zSS6f	5476,5482,42374,5480,45561
weN1R9]S	5476,5482,42374,5480,45561
WkkI:51]	5476,5482,42374,5480,45561
WL6=KN.8	5476,5482,42374,5480,45561
WlFr7KFz	5476,5482,42374,5480,45561
Wq[[VFyy	5476,5482,42374,5480,45561
W<ShHXKU	5476,5482,42374,5480,45561
wSOXMe+:	5476,5482,42374,5480,45561
WU<1:PrE	5476,5482,42374,5480,45561
WVEb1vY>	5476,5482,42374,5480,45561
W.Vq7FB[	5476,5482,42374,5480,45561
>wYVr98i	5476,5482,42374,5480,45561
wYVr98iu	5476,5482,42374,5480,45561
X[2lWd9z	5476,5482,42374,5480,45561
X3eXeXeX	5476,5482,42374,5480,45561
XemeXeXe	5476,5482,42374,5480,45561
XeVeXeXe	5476,5482,42374,5480,45561
XeXeVeXe	5476,5482,42374,5480,45561
XeXeX4Xe	5476,5482,42374,5480,45561
XeXeXeme	5476,5482,42374,5480,45561
XeXeXeX2	5476,5482,42374,5480,45561
XeXeXeX3	5476,5482,42374,5480,45561
XeXeXeX4	5476,5482,42374,5480,45561
XeXeXeX8	5476,5482,42374,5480,45561
XeXeXeXi	5476,5482,42374,5480,45561
XeXeXhXe	5476,5482,42374,5480,45561
XJ[UHXIe	5476,5482,42374,5480,45561
XKUkHUvo	5476,5482,42374,5480,45561
Xm5BHB>O	5476,5482,42374,5480,45561
XMe+:4se	5476,5482,42374,5480,45561
XmXXXXXX	5476,5482,42374,5480,45561
xUQ8fmK8	5476,5482,42374,5480,45561
XWkkI:51	5476,5482,42374,5480,45561
x>wYVr98	5476,5482,42374,5480,45561
XXXWWWXX	5476,5482,42374,5480,45561
XXXXXXX3	5476,5482,42374,5480,45561
XXXXXXXU	5476,5482,42374,5480,45561
]y1I-2YB	5476,5482,42374,5480,45561
y1I-2YBZ	5476,5482,42374,5480,45561
Y444H444	5476,5482,42374,5480,45561
Y>8U<S.J	5476,5482,42374,5480,45561
YHSrZ+WL	5476,5482,42374,5480,45561
[Yo73bBv	5476,5482,42374,5480,45561
Yo73bBvE	5476,5482,42374,5480,45561
yO:DvvE4	5476,5482,42374,5480,45561
YVr98iuU	5476,5482,42374,5480,45561
YXeXeXeX	5476,5482,42374,5480,45561
z16m1Qod	5476,5482,42374,5480,45561
z1jyMjN5	5476,5482,42374,5480,45561
->Z:57u4	5476,5482,42374,5480,45561
zd68L5Sm	5476,5482,42374,5480,45561
zMnSOUMR	5476,5482,42374,5480,45561
zqfep2l3	5476,5482,42374,5480,45561
zqzzzzzz	5476,5482,42374,5480,45561
zr[ux>wY	5476,5482,42374,5480,45561
zSS6f+=F	5476,5482,42374,5480,45561
ZzMnSOUM	5476,5482,42374,5480,45561
zzqzzzzz	5476,5482,42374,5480,45561
zzzzzzqz	5476,5482,42374,5480,45561
zzzzzzzk	5476,5482,42374,5480,45561
